byte offset: 0
first index: 0
index count: 7236
topology: trianglelist
format: DXGI_FORMAT_R16_UINT

0 1 2
3 4 5
6 7 8
9 10 11
12 13 14
15 16 17
18 19 20
21 22 23
24 25 26
27 28 29
30 31 32
33 34 31
33 31 35
36 33 35
36 35 37
38 36 37
38 37 39
40 38 39
40 39 41
42 40 41
42 41 43
44 42 43
44 43 45
46 47 48
49 50 51
49 52 50
50 52 53
50 53 54
55 56 57
55 57 58
59 55 58
59 60 55
61 60 59
61 59 62
60 63 55
61 63 60
55 63 64
61 65 63
66 65 61
67 61 62
66 61 67
67 62 68
67 69 66
70 67 68
70 69 67
70 68 71
72 69 70
72 70 71
72 71 73
72 74 69
72 73 75
74 72 76
72 75 76
74 76 77
77 76 75
74 77 78
77 75 79
80 78 77
80 81 78
80 77 82
80 83 81
80 82 84
83 80 84
83 84 85
86 82 87
88 79 86
88 89 79
90 89 88
90 91 89
88 92 90
88 93 92
88 86 93
94 93 86
86 87 95
94 86 95
96 95 87
94 95 96
96 87 97
96 97 98
96 99 94
96 98 100
96 100 99
100 98 101
100 102 99
100 101 102
102 103 99
102 101 104
103 102 105
102 104 105
103 105 106
105 104 107
105 108 106
105 107 109
105 109 108
107 110 109
109 110 108
110 111 108
107 112 110
110 112 113
110 113 114
115 116 117
115 117 118
119 118 117
119 117 120
121 122 123
121 123 124
125 126 123
125 127 126
128 129 126
128 130 129
130 131 129
130 132 131
132 133 131
132 134 133
134 135 133
134 136 135
137 138 139
140 137 141
140 141 142
141 137 143
144 142 141
141 143 145
144 141 146
146 141 145
147 144 146
146 145 148
147 146 149
149 146 150
151 147 149
149 150 152
153 149 152
151 149 153
153 152 154
155 153 154
156 151 153
155 156 153
156 157 151
156 158 157
159 156 155
156 159 158
160 158 159
159 155 161
160 159 161
160 162 158
160 161 163
160 164 162
165 160 163
160 166 164
165 166 160
167 164 166
167 166 165
167 168 164
167 165 169
167 170 168
171 167 169
167 171 170
171 169 172
171 173 170
171 174 173
174 171 175
176 173 174
174 175 177
176 174 178
178 174 177
176 178 179
178 177 180
178 180 179
179 180 181
182 175 183
184 172 182
184 185 172
182 183 186
186 183 187
188 185 184
188 189 185
190 189 188
189 190 191
192 190 188
192 188 184
192 184 193
182 193 184
182 194 193
186 194 182
186 195 194
186 196 195
186 187 197
186 197 196
187 198 197
198 196 197
187 199 198
198 200 196
198 199 201
198 202 200
198 201 203
198 203 202
203 201 204
205 202 203
203 204 205
205 206 202
205 207 206
204 208 205
205 208 207
204 209 208
208 209 210
207 208 211
208 210 211
211 210 148
207 211 212
211 148 213
212 211 213
212 213 214
214 213 215
214 215 216
217 216 215
217 215 218
215 139 218
215 219 139
213 219 215
213 150 219
218 143 220
221 222 223
221 223 224
225 226 223
225 227 226
228 224 229
228 229 230
231 229 232
231 232 233
234 235 236
234 236 237
238 239 240
238 240 241
242 243 244
242 244 245
244 246 245
244 247 246
248 249 250
249 248 251
252 249 251
252 253 249
254 253 252
254 255 253
256 255 254
257 253 255
257 258 253
258 259 253
258 260 259
260 261 259
259 261 262
263 257 255
256 264 255
263 255 264
256 265 264
256 266 265
267 265 266
263 264 268
263 268 269
270 269 268
267 271 265
270 268 271
272 271 267
273 270 271
272 274 271
273 271 274
275 274 272
276 273 274
275 277 274
275 278 277
276 274 279
276 279 278
275 280 278
276 278 281
282 278 280
283 281 278
282 284 278
283 278 284
285 284 282
286 283 284
285 287 284
286 284 287
288 287 285
289 286 287
288 290 287
289 287 290
291 290 288
292 289 290
291 293 290
292 290 293
294 295 296
294 296 297
298 296 299
298 299 300
301 299 302
301 302 303
303 302 304
303 304 305
305 304 306
305 306 307
307 306 308
307 308 309
310 311 312
310 312 313
314 315 316
314 316 317
318 319 320
321 320 319
321 319 322
321 322 323
323 322 324
324 322 325
324 325 326
327 328 329
327 330 328
330 331 328
328 331 332
332 331 333
334 332 333
334 333 335
336 337 338
336 339 337
339 340 337
340 341 337
339 342 340
340 343 341
343 344 341
344 343 345
339 346 342
346 347 342
346 348 347
349 347 348
349 348 350
350 351 349
352 349 351
353 351 350
353 350 354
352 351 355
355 356 352
355 357 356
355 358 357
359 360 361
359 361 362
361 363 362
361 364 363
364 365 363
366 365 364
366 364 367
368 369 367
368 367 370
371 372 373
371 374 372
375 374 376
375 376 377
377 378 375
378 379 375
380 381 382
380 383 381
383 380 384
383 384 385
385 384 386
385 386 387
388 389 390
388 390 391
391 392 388
388 392 393
388 393 394
388 394 395
395 394 396
397 398 399
397 399 400
401 402 399
401 403 402
404 405 401
404 406 405
407 408 409
407 410 408
411 410 407
411 407 412
413 414 415
413 416 414
417 414 416
417 416 418
419 417 418
419 418 420
421 422 423
421 423 424
424 423 425
426 421 424
427 421 426
426 428 427
426 429 428
426 430 429
430 431 429
429 431 432
429 432 433
428 429 434
434 435 428
434 436 435
434 437 436
438 437 434
438 439 437
440 439 438
441 439 440
441 442 439
441 443 442
441 444 443
445 446 447
445 448 446
449 446 448
449 448 450
450 451 449
450 452 451
450 453 452
452 453 454
455 456 457
455 457 458
459 460 461
459 462 460
463 462 459
463 459 464
463 464 465
465 464 466
465 466 467
468 469 470
468 471 469
472 471 468
473 472 468
474 471 472
473 475 472
476 475 473
475 476 477
474 478 471
479 478 474
479 480 478
480 479 481
480 481 482
483 482 481
483 481 484
482 483 485
482 485 486
483 484 487
488 487 484
489 487 488
489 490 487
491 492 493
491 493 494
495 491 494
495 496 491
497 496 495
496 497 498
496 498 499
499 500 501
499 501 502
503 504 505
503 506 504
507 506 508
507 508 509
510 509 508
511 510 508
512 513 514
512 515 513
515 516 513
515 517 516
518 516 517
518 517 519
520 521 522
523 520 522
522 524 523
524 522 525
525 522 526
525 526 527
527 526 528
529 530 531
529 531 532
533 534 529
533 535 534
536 537 534
536 538 537
539 540 541
539 542 540
540 542 543
540 543 544
545 546 547
545 548 546
549 548 545
549 550 548
551 552 553
551 553 554
551 554 555
554 553 556
553 557 556
556 557 558
558 559 556
556 559 560
559 561 560
559 562 561
559 563 562
564 559 558
565 564 558
566 564 565
566 567 564
567 568 564
569 568 567
569 570 568
571 570 569
571 572 570
573 572 571
573 574 572
575 576 577
575 577 578
579 575 578
579 578 580
581 579 580
581 580 582
583 584 585
583 585 586
587 588 589
587 589 590
591 592 593
591 593 594
595 596 597
595 597 598
598 597 599
598 599 600
600 599 601
600 601 602
603 604 605
603 605 606
607 608 609
607 609 610
611 612 613
611 613 614
615 616 617
615 617 618
619 620 621
619 621 622
623 624 625
623 625 626
627 628 629
627 629 630
631 632 633
631 633 634
634 633 635
634 635 636
637 638 639
637 640 638
641 640 637
641 642 640
643 642 641
643 644 642
645 646 647
645 648 646
649 648 645
649 650 648
651 652 653
651 653 654
655 656 657
655 657 658
659 660 661
659 661 662
663 664 665
663 666 664
667 666 663
667 668 666
669 670 671
669 671 672
673 674 675
673 675 676
677 678 679
677 679 680
681 682 683
681 683 684
685 686 687
685 687 688
689 690 691
689 692 690
693 692 689
693 694 692
695 696 697
695 697 698
699 700 701
699 701 702
703 704 705
703 705 706
707 708 709
707 709 710
711 712 713
711 713 714
715 716 717
715 718 716
719 718 720
719 721 718
722 721 719
722 723 721
724 725 726
724 726 727
728 729 730
728 730 731
732 733 734
732 734 735
736 737 738
736 738 739
740 741 742
740 742 743
743 742 744
743 744 745
746 747 748
746 748 749
750 751 752
750 752 753
754 755 756
754 756 757
758 759 760
758 761 759
762 761 758
762 763 761
764 765 766
764 766 767
768 769 770
768 770 771
772 773 774
772 774 775
776 777 778
776 778 779
780 781 782
780 782 783
782 784 783
782 785 784
785 786 784
785 787 786
786 787 788
786 788 789
788 790 789
788 791 790
791 792 790
791 793 792
792 793 794
792 794 795
796 797 798
796 798 799
800 801 802
800 802 803
804 805 806
804 806 807
808 806 809
808 809 810
810 809 811
810 811 812
813 814 815
813 815 816
816 815 817
816 817 818
819 820 821
819 821 822
823 824 825
823 825 826
827 828 829
827 829 830
831 832 833
831 833 834
835 836 837
835 837 838
839 840 841
839 841 842
843 844 845
843 845 846
847 848 849
847 849 850
851 852 853
851 853 854
855 856 857
855 857 858
859 860 861
859 861 862
863 864 865
863 866 864
867 864 866
868 867 866
868 866 869
868 869 870
869 871 870
872 873 874
872 874 875
876 877 878
876 878 879
880 881 882
880 883 881
883 880 884
883 884 885
884 886 885
885 886 887
885 887 888
888 887 889
890 891 892
890 892 893
894 895 896
894 896 897
898 899 900
898 900 901
901 902 898
901 903 902
904 902 903
904 903 905
906 904 905
906 905 907
908 906 907
908 907 909
910 911 912
910 913 911
913 914 911
913 915 914
915 916 914
915 917 916
917 918 916
917 919 918
920 921 922
920 922 923
924 920 923
924 923 925
926 924 925
926 925 927
928 926 927
928 927 929
930 931 932
930 933 931
934 931 933
934 933 935
935 936 934
935 937 936
937 938 936
937 939 938
939 940 938
939 941 940
942 943 944
942 944 945
946 947 948
946 948 949
950 951 952
950 952 953
954 955 956
954 957 955
958 955 957
958 957 959
960 958 959
960 959 961
962 963 964
962 964 965
966 967 968
966 968 969
970 971 972
970 972 973
974 975 976
974 976 977
978 979 980
978 980 981
982 983 984
982 984 985
986 987 988
986 988 989
990 991 992
990 992 993
994 995 996
994 996 997
998 999 1000
998 1000 1001
998 1001 1002
998 1002 1003
1003 1002 1004
1003 1004 1005
1006 1007 1008
1006 1008 1009
1010 1011 1012
1010 1012 1013
1014 1015 1016
1014 1016 1017
1018 1019 1020
1018 1020 1021
1022 1023 1024
1022 1024 1025
1026 1022 1025
1026 1025 1027
1028 1026 1027
1028 1027 1029
1030 1028 1029
1030 1029 1031
1030 1031 1032
1030 1032 1033
1034 1033 1032
1034 1035 1033
1036 1035 1034
1036 1037 1035
1038 1037 1036
1038 1036 1039
1040 1038 1039
1040 1039 1041
1041 1042 1040
1041 1043 1042
1044 1042 1043
1044 1043 1045
1046 1047 1045
1046 1045 1048
1048 1049 1046
1048 1050 1049
1051 1049 1050
1051 1050 1052
1053 1054 1055
1053 1056 1054
1056 1057 1054
1056 1058 1057
1058 1059 1057
1058 1060 1059
1060 1061 1059
1060 1062 1061
1063 1061 1062
1063 1062 1064
1064 1065 1063
1064 1066 1065
1067 1065 1066
1067 1066 1068
1068 1069 1067
1068 1070 1069
1070 1071 1069
1070 1072 1071
1073 1071 1072
1073 1072 1074
1074 1075 1073
1074 1076 1075
1077 1078 1075
1077 1079 1078
1080 1078 1079
1080 1079 1081
1081 1082 1080
1081 1083 1082
1084 1085 1086
1084 1086 1087
1088 1089 1090
1088 1090 1091
1092 1093 1094
1092 1094 1095
1096 1097 1098
1096 1098 1099
1100 1101 1102
1100 1102 1103
1104 1105 1106
1104 1106 1107
1108 1109 1110
1108 1110 1111
1112 1113 1114
1112 1115 1113
1115 1116 1113
1115 1117 1116
1118 1119 1120
1118 1120 1121
1122 1118 1123
1122 1123 1124
1125 1122 1124
1125 1124 1126
1127 1125 1126
1127 1126 1128
1129 1130 1131
1129 1131 1132
1133 1134 1135
1133 1135 1136
1137 1138 1139
1137 1140 1138
1140 1141 1142
1140 1142 1143
1144 1145 1146
1144 1146 1147
1148 1149 1150
1148 1151 1149
1151 1152 1149
1151 1153 1152
1153 1154 1152
1153 1155 1154
1156 1148 1157
1156 1157 1158
1159 1160 1161
1159 1161 1162
1163 1159 1162
1163 1162 1164
1165 1166 1167
1165 1167 1168
1169 1170 1171
1169 1171 1172
1173 1174 1175
1173 1175 1176
1177 1173 1178
1177 1178 1179
1180 1181 1182
1180 1182 1183
1184 1185 1186
1184 1186 1187
1188 1184 1187
1188 1187 1189
1190 1188 1189
1191 1190 1189
1191 1192 1190
1193 1192 1191
1193 1194 1192
1194 1193 1195
1196 1194 1195
1196 1197 1194
1198 1188 1199
1192 1198 1199
1192 1200 1201
1201 1198 1202
1201 1200 1203
1201 1204 1198
1198 1204 1205
1203 1200 1206
1207 1205 1204
1207 1204 1208
1208 1203 1206
1208 1206 1207
1206 1209 1207
1206 1210 1209
1211 1212 1213
1211 1213 1214
1214 1213 1215
1214 1215 1216
1215 1217 1216
1217 1218 1216
1219 1218 1217
1219 1220 1218
1219 1221 1220
1220 1222 1223
1222 1219 1224
1221 1225 1223
1221 1226 1225
1221 1227 1226
1221 1224 1227
1215 1228 1229
1228 1219 1229
1228 1224 1230
1228 1231 1224
1231 1228 1232
1231 1232 1233
1231 1233 1234
1235 1227 1234
1235 1234 1233
1236 1235 1233
1236 1237 1235
1238 1239 1240
1238 1241 1239
1242 1241 1238
1242 1243 1241
1244 1243 1242
1244 1245 1243
1246 1247 1248
1246 1249 1247
1250 1249 1246
1250 1251 1249
1252 1253 1254
1252 1254 1255
1256 1257 1258
1256 1259 1257
1260 1259 1256
1260 1261 1259
1262 1261 1260
1262 1263 1261
1264 1265 1266
1264 1266 1267
1268 1269 1270
1268 1270 1271
1272 1273 1274
1272 1274 1275
1276 1277 1278
1276 1278 1279
1280 1276 1279
1280 1281 1276
1282 1281 1280
1282 1283 1281
1284 1285 1286
1284 1286 1287
1288 1289 1290
1288 1290 1291
1292 1293 1294
1292 1294 1295
1296 1297 1298
1296 1298 1299
1300 1301 1302
1300 1302 1303
1304 1305 1306
1304 1306 1307
1308 1309 1310
1308 1310 1311
1312 1313 1314
1312 1314 1315
1316 1317 1318
1316 1318 1319
1320 1321 1322
1320 1322 1323
1324 1325 1326
1324 1326 1327
1328 1329 1330
1328 1330 1331
1332 1333 1334
1332 1334 1335
1336 1337 1338
1336 1338 1339
1340 1341 1342
1340 1342 1343
1344 1345 1346
1344 1346 1347
1348 1349 1350
1348 1350 1351
1352 1353 1354
1352 1354 1355
1356 1357 1358
1356 1358 1359
1360 1361 1362
1360 1362 1363
1364 1365 1366
1364 1366 1367
1368 1369 1370
1368 1370 1371
1372 1373 1374
1372 1374 1375
1376 1377 1378
1376 1378 1379
1380 1381 1382
1380 1382 1383
1384 1385 1386
1384 1386 1387
1388 1389 1390
1388 1390 1391
1392 1393 1394
1392 1394 1395
1396 1397 1398
1396 1399 1397
1400 1397 1399
1400 1401 1397
1400 1402 1401
1400 1403 1402
1404 1405 1406
1404 1407 1405
1404 1408 1407
1404 1409 1408
1410 1408 1409
1410 1411 1408
1412 1413 1414
1412 1415 1413
1416 1415 1412
1416 1417 1415
1418 1419 1420
1418 1420 1421
1421 1420 1422
1421 1422 1423
1424 1425 1426
1424 1426 1427
1428 1429 1430
1428 1430 1431
1432 1433 1434
1432 1434 1435
1436 1437 1438
1436 1438 1439
1440 1441 1442
1440 1442 1443
1443 1442 1444
1443 1444 1445
1445 1446 1447
1445 1447 1448
1448 1449 1450
1448 1450 1451
1440 1452 1453
1440 1454 1452
1454 1455 1452
1454 1456 1455
1456 1457 1458
1456 1459 1457
1459 1451 1460
1459 1460 1461
1462 1463 1464
1462 1464 1465
1465 1464 1466
1465 1466 1467
1467 1466 1468
1467 1468 1469
1469 1468 1470
1469 1470 1471
1472 1473 1474
1472 1474 1475
1472 1475 1476
1477 1478 1479
1477 1480 1478
1480 1481 1478
1480 1482 1481
1482 1483 1481
1482 1484 1483
1484 1485 1483
1484 1486 1485
1487 1488 1489
1487 1490 1488
1487 1491 1490
1492 1493 1494
1492 1494 1495
1492 1495 1496
1495 1494 1497
1498 1499 1500
1498 1501 1499
1501 1498 1502
1499 1501 1503
1504 1505 1506
1504 1506 1507
1508 1509 1510
1508 1510 1511
1512 1513 1514
1512 1514 1515
1516 1517 1518
1516 1518 1519
1520 1521 1522
1520 1522 1523
1524 1525 1526
1524 1526 1527
1528 1529 1530
1528 1531 1529
1532 1531 1528
1532 1533 1531
1534 1533 1532
1534 1535 1533
1536 1535 1534
1536 1537 1535
1538 1537 1536
1538 1539 1537
1540 1539 1538
1540 1541 1539
1542 1541 1540
1542 1543 1541
1544 1543 1542
1544 1545 1543
1546 1547 1548
1549 1548 1547
1549 1547 1550
1551 1552 1553
1554 1551 1553
1554 1553 1555
1556 1557 1558
1556 1558 1559
1556 1559 1560
1561 1562 1563
1561 1563 1564
1561 1564 1565
1566 1567 1568
1566 1568 1569
1570 1571 1572
1570 1572 1573
1574 1575 1576
1574 1576 1577
1578 1579 1580
1578 1580 1581
1582 1583 1584
1582 1584 1585
1586 1582 1585
1586 1585 1587
1586 1587 1588
1586 1588 1589
1589 1588 1590
1589 1590 1591
1591 1590 1592
1591 1592 1593
1594 1593 1592
1594 1592 1595
1596 1594 1595
1596 1595 1597
1598 1599 1600
1598 1600 1601
1602 1598 1601
1602 1601 1603
1602 1603 1604
1602 1604 1605
1606 1607 1608
1606 1608 1609
1610 1606 1609
1610 1609 1611
1610 1611 1612
1610 1612 1613
1613 1612 1614
1613 1614 1615
1615 1614 1616
1615 1616 1617
1618 1617 1616
1618 1616 1619
1620 1618 1619
1620 1619 1621
1622 1623 1624
1622 1624 1625
1626 1622 1625
1626 1625 1627
1626 1627 1628
1626 1628 1629
1630 1631 1632
1630 1633 1631
1634 1633 1630
1634 1635 1633
1636 1635 1634
1636 1637 1635
1638 1637 1636
1638 1639 1637
1640 1639 1638
1640 1641 1639
1642 1641 1640
1642 1643 1641
1644 1643 1642
1644 1645 1643
1646 1645 1644
1646 1647 1645
1648 1647 1646
1648 1649 1647
1650 1649 1648
1650 1651 1649
1652 1653 1654
1652 1654 1655
1656 1652 1655
1656 1655 1657
1658 1656 1657
1658 1657 1659
1660 1658 1659
1660 1659 1661
1662 1663 1664
1665 1662 1664
1665 1664 1666
1667 1665 1666
1667 1666 1668
1665 1669 1670
1671 1669 1665
1671 1672 1669
1667 1673 1674
1675 1673 1667
1675 1676 1673
1675 1667 1677
1675 1677 1678
1679 1675 1678
1679 1678 1680
1679 1680 1681
1682 1683 1684
1685 1684 1683
1685 1683 1686
1687 1685 1686
1687 1686 1688
1689 1687 1688
1689 1688 1690
1691 1689 1690
1691 1690 1692
1691 1692 1693
1688 1694 1690
1688 1695 1694
1690 1694 1696
1686 1697 1698
1686 1698 1699
1699 1698 1700
1701 1702 1703
1701 1703 1704
1705 1706 1707
1705 1707 1708
1709 1710 1711
1709 1711 1712
1713 1709 1712
1713 1712 1714
1715 1713 1714
1715 1714 1716
1717 1715 1716
1717 1716 1718
1719 1717 1718
1719 1718 1720
1721 1719 1720
1721 1720 1722
1723 1721 1722
1723 1722 1724
1725 1723 1724
1725 1724 1726
1727 1725 1726
1727 1726 1728
1729 1727 1728
1729 1728 1730
1731 1732 1733
1731 1734 1732
1735 1734 1731
1735 1736 1734
1737 1736 1735
1737 1738 1736
1739 1738 1737
1739 1740 1738
1741 1742 1743
1744 1742 1741
1744 1745 1742
1746 1745 1744
1746 1747 1745
1744 1748 1749
1750 1744 1749
1750 1749 1751
1746 1752 1753
1754 1746 1753
1754 1753 1755
1754 1756 1746
1754 1757 1756
1758 1757 1754
1758 1759 1757
1758 1760 1759
1761 1762 1763
1764 1763 1762
1764 1765 1763
1766 1765 1764
1766 1767 1765
1768 1767 1766
1768 1769 1767
1770 1769 1768
1770 1771 1769
1770 1772 1771
1767 1769 1773
1769 1774 1773
1767 1773 1775
1765 1776 1777
1778 1775 1776
1765 1778 1776
1779 1780 1781
1779 1781 1782
1783 1784 1785
1783 1785 1786
1787 1788 1789
1787 1790 1788
1787 1791 1790
1787 1792 1791
1787 1793 1792
1794 1793 1787
1795 1793 1794
1796 1797 1798
1799 1796 1800
1799 1801 1796
1802 1798 1803
1804 1798 1802
1805 1804 1802
1805 1806 1804
1804 1801 1807
1804 1807 1808
1801 1809 1807
1810 1811 1812
1810 1813 1811
1813 1810 1814
1815 1814 1810
1816 1815 1810
1816 1810 1817
1818 1819 1811
1820 1811 1819
1821 1820 1819
1822 1823 1813
1813 1823 1824
1825 1824 1823
1826 1824 1820
1826 1827 1824
1820 1828 1826
1829 1826 1828
1830 1826 1829
1830 1831 1826
1832 1833 1834
1832 1834 1835
1836 1837 1838
1836 1838 1839
1840 1841 1842
1840 1842 1843
1844 1845 1846
1844 1846 1847
1848 1849 1850
1848 1850 1851
1852 1853 1854
1852 1855 1853
1852 1856 1855
1857 1858 1859
1857 1859 1860
1861 1862 1863
1861 1863 1864
1865 1866 1867
1865 1867 1868
1869 1870 1871
1869 1871 1872
1873 1874 1875
1873 1875 1876
1877 1878 1879
1877 1879 1880
1877 1880 1881
1877 1881 1882
1877 1882 1883
1884 1877 1883
1885 1884 1883
1886 1887 1888
1886 1888 1889
1890 1891 1892
1890 1892 1893
1894 1895 1896
1894 1896 1897
1898 1899 1900
1898 1900 1901
1902 1903 1904
1902 1904 1905
1906 1907 1908
1906 1908 1909
1906 1909 1910
1911 1912 1913
1911 1913 1914
1915 1916 1917
1915 1917 1918
1919 1920 1921
1919 1921 1922
1923 1924 1925
1923 1925 1926
1927 1928 1929
1927 1929 1930
1931 1932 1933
1931 1933 1934
1931 1934 1935
1931 1935 1936
1931 1936 1937
1938 1931 1937
1939 1938 1937
1940 1941 1942
1940 1943 1941
1943 1944 1941
1945 1943 1940
1945 1940 1946
1947 1948 1949
1947 1949 1950
1950 1951 1947
1952 1947 1951
1953 1947 1952
1953 1954 1947
1955 1956 1949
1957 1950 1956
1950 1958 1956
1959 1958 1960
1961 1960 1949
1962 1960 1961
1963 1961 1958
1963 1958 1964
1961 1963 1965
1966 1965 1963
1967 1966 1963
1967 1963 1968
1969 1970 1971
1969 1971 1972
1973 1974 1975
1973 1975 1976
1977 1978 1979
1977 1979 1980
1981 1982 1983
1981 1983 1984
1985 1986 1987
1985 1987 1988
1989 1990 1991
1989 1991 1992
1989 1992 1993
1994 1995 1996
1994 1996 1997
1998 1999 2000
1998 2000 2001
2002 2003 2004
2002 2004 2005
2006 2007 2008
2006 2008 2009
2010 2011 2012
2010 2012 2013
2014 2015 2016
2014 2017 2015
2014 2018 2017
2014 2019 2018
2014 2020 2019
2021 2020 2014
2022 2020 2021
2023 2024 2025
2023 2025 2026
2026 2025 2027
2028 2023 2026
2028 2029 2023
2030 2031 2032
2030 2032 2033
2034 2035 2036
2034 2036 2037
2038 2039 2040
2038 2040 2041
2042 2043 2044
2042 2044 2045
2046 2047 2048
2046 2048 2049
2050 2051 2052
2050 2053 2051
2050 2054 2053
2055 2056 2057
2055 2057 2058
2059 2060 2061
2059 2061 2062
2063 2064 2065
2063 2065 2066
2067 2068 2069
2067 2069 2070
2071 2072 2073
2071 2073 2074
2075 2076 2077
2075 2077 2078
2079 2078 2077
2079 2077 2080
2081 2082 2083
2081 2083 2084
2085 2084 2083
2085 2083 2086
2087 2088 2089
2087 2089 2090
2091 2090 2089
2091 2089 2092
2093 2094 2095
2093 2095 2096
2097 2098 2099
2097 2100 2098
2101 2102 2098
2101 2098 2103
2104 2105 2100
2104 2106 2105
2107 2103 2108
2107 2108 2109
2110 2111 2105
2110 2112 2111
2113 2108 2111
2113 2111 2114
2115 2116 2117
2115 2117 2118
2119 2120 2121
2119 2121 2122
2123 2124 2125
2123 2125 2126
2127 2128 2125
2127 2125 2129
2130 2131 2132
2130 2132 2133
2134 2135 2136
2134 2136 2137
2138 2139 2140
2138 2140 2141
2142 2143 2140
2142 2140 2144
2145 2146 2147
2145 2147 2148
2149 2150 2151
2149 2151 2152
2153 2154 2155
2153 2155 2156
2157 2155 2158
2157 2158 2159
2160 2161 2162
2160 2162 2163
2164 2165 2166
2164 2166 2167
2168 2169 2170
2168 2170 2171
2171 2172 2173
2171 2173 2174
2175 2176 2177
2175 2177 2178
2179 2180 2181
2179 2181 2182
2183 2184 2185
2183 2185 2186
2187 2188 2189
2187 2189 2190
2191 2192 2193
2191 2193 2194
2195 2196 2197
2195 2197 2198
2199 2200 2201
2199 2201 2202
2203 2204 2205
2203 2205 2206
2207 2208 2209
2207 2209 2210
2211 2212 2213
2211 2213 2214
2215 2216 2217
2215 2217 2218
2219 2220 2221
2219 2221 2222
2223 2224 2221
2223 2225 2224
2226 2227 2228
2226 2228 2229
2230 2231 2232
2230 2232 2233
2234 2235 2236
2234 2237 2235
2237 2238 2239
2237 2239 2240
2241 2242 2243
2241 2243 2244
2245 2246 2247
2245 2247 2248
2249 2250 2251
2249 2251 2252
2253 2254 2255
2253 2255 2256
2257 2258 2259
2257 2259 2260
2261 2262 2263
2261 2263 2264
2265 2266 2267
2265 2267 2268
2269 2270 2271
2269 2271 2272
2273 2274 2275
2273 2275 2276
2277 2278 2279
2277 2279 2280
2281 2282 2283
2281 2283 2284
2285 2286 2287
2287 2286 2288
2289 2288 2286
2289 2290 2288
2291 2292 2293
2291 2293 2294
2294 2293 2295
2296 2297 2298
2296 2298 2299
2300 2299 2298
2300 2298 2301
2302 2300 2301
2302 2301 2303
2304 2305 2301
2304 2301 2306
2306 2301 2307
2306 2307 2308
2309 2308 2307
2309 2307 2310
2311 2312 2313
2311 2314 2312
2315 2312 2314
2315 2316 2312
2317 2318 2319
2317 2319 2320
2321 2322 2323
2321 2323 2324
2325 2326 2327
2325 2327 2328
2329 2330 2331
2329 2331 2332
2333 2334 2335
2333 2335 2336
2337 2338 2339
2337 2340 2338
2341 2340 2337
2341 2342 2340
2343 2344 2345
2346 2344 2343
2346 2343 2347
2348 2349 2350
2348 2350 2351
2352 2353 2354
2352 2354 2355
2356 2357 2358
2356 2358 2359
2360 2361 2362
2360 2362 2363
2364 2365 2366
2364 2366 2367
2368 2369 2370
2370 2369 2371
2372 2370 2371
2372 2371 2373
2374 2375 2376
2374 2377 2375
2377 2378 2375
2379 2380 2381
2379 2381 2382
2383 2382 2381
2383 2381 2384
2385 2386 2387
2385 2387 2388
2389 2390 2391
2389 2391 2392
2393 2394 2395
2393 2395 2396
2397 2398 2399
2397 2399 2400
2401 2402 2403
2401 2403 2404
2405 2406 2407
2405 2407 2408
2409 2405 2408
2409 2408 2410
2411 2412 2413
2414 2411 2413
2414 2415 2411
2416 2417 2418
2416 2418 2419
2420 2421 2422
2420 2423 2421
2424 2425 2426
2424 2426 2427
2428 2429 2430
2428 2430 2431
2432 2433 2434
2432 2434 2435
2436 2437 2438
2436 2438 2439
2440 2436 2439
2441 2439 2438
2440 2439 2442
2441 2443 2439
2444 2442 2439
2444 2439 2443
2445 2446 2447
2445 2447 2448
2447 2449 2448
2447 2450 2449
2450 2451 2449
2449 2451 2452
2453 2454 2455
2453 2455 2456
2456 2455 2457
2456 2457 2458
2459 2460 2461
2459 2462 2460
2462 2459 2463
2462 2463 2464
2465 2464 2463
2465 2466 2464
2467 2464 2466
2467 2468 2464
2462 2464 2468
2462 2468 2469
2469 2470 2462
2469 2471 2470
2472 2473 2474
2472 2475 2473
2476 2475 2472
2476 2477 2475
2478 2479 2480
2478 2480 2481
2482 2481 2480
2482 2483 2481
2484 2483 2482
2484 2485 2483
2486 2487 2488
2488 2487 2489
2488 2489 2490
2488 2490 2491
2490 2492 2491
2490 2493 2492
2494 2495 2496
2496 2495 2497
2498 2496 2497
2498 2497 2499
2500 2501 2502
2501 2503 2502
2504 2502 2503
2504 2503 2505
2501 2506 2503
2501 2507 2506
2501 2508 2507
2508 2509 2507
2508 2510 2509
2511 2506 2507
2511 2512 2506
2511 2507 2513
2513 2507 2514
2513 2514 2515
2511 2516 2512
2517 2516 2511
2518 2512 2516
2518 2519 2512
2520 2505 2518
2520 2521 2505
2522 2521 2520
2522 2523 2521
2520 2524 2522
2525 2504 2519
2525 2519 2526
2527 2525 2526
2527 2526 2528
2525 2527 2529
2530 2531 2532
2530 2533 2531
2533 2534 2531
2533 2535 2534
2536 2537 2538
2536 2538 2539
2539 2540 2536
2539 2541 2540
2541 2542 2540
2541 2543 2542
2544 2545 2546
2544 2546 2547
2547 2548 2544
2547 2549 2548
2549 2550 2548
2549 2551 2550
2552 2553 2554
2552 2555 2553
2556 2555 2552
2556 2552 2557
2558 2559 2560
2558 2561 2559
2561 2558 2562
2561 2562 2563
2562 2564 2563
2562 2565 2564
2565 2562 2566
2565 2567 2564
2565 2568 2567
2561 2563 2569
2569 2563 2570
2561 2569 2571
2571 2572 2561
2571 2573 2572
2569 2570 2574
2574 2575 2569
2574 2570 2576
2574 2576 2577
2568 2578 2576
2577 2567 2579
2568 2580 2578
2577 2579 2581
2580 2582 2579
2580 2583 2582
2583 2580 2584
2581 2578 2585
2581 2585 2586
2586 2587 2581
2588 2589 2590
2588 2590 2591
2592 2593 2594
2592 2594 2595
2596 2597 2598
2596 2599 2597
2600 2599 2596
2600 2601 2599
2602 2603 2604
2602 2604 2605
2605 2604 2606
2605 2606 2607
2608 2609 2610
2608 2610 2611
2612 2613 2614
2612 2614 2615
2616 2617 2618
2616 2619 2617
2620 2619 2616
2620 2621 2619
2622 2621 2620
2622 2623 2621
2624 2625 2626
2624 2626 2627
2628 2629 2630
2628 2631 2629
2632 2631 2628
2632 2633 2631
2634 2635 2636
2634 2636 2637
2638 2639 2640
2638 2640 2641
2642 2643 2644
2642 2645 2643
2646 2645 2642
2646 2642 2647
2646 2647 2648
2649 2650 2651
2649 2651 2652
2653 2654 2655
2653 2656 2654
2657 2656 2653
2657 2658 2656
2659 2658 2657
2659 2660 2658
2661 2660 2659
2661 2662 2660
2663 2662 2661
2663 2664 2662
2665 2664 2663
2665 2666 2664
2667 2666 2665
2667 2668 2666
2669 2668 2667
2669 2670 2668
2671 2672 2673
2671 2673 2674
2675 2676 2677
2675 2677 2678
2679 2675 2678
2679 2678 2680
2681 2679 2680
2681 2680 2682
2683 2681 2682
2683 2682 2684
2685 2686 2677
2685 2687 2686
2687 2688 2686
2687 2689 2688
2689 2690 2688
2689 2691 2690
2691 2692 2690
2691 2693 2692
2694 2695 2696
2694 2696 2697
2698 2694 2697
2698 2697 2699
2700 2698 2699
2700 2699 2701
2702 2700 2701
2702 2701 2703
2704 2705 2696
2704 2706 2705
2706 2707 2705
2706 2708 2707
2708 2709 2707
2708 2710 2709
2710 2711 2709
2710 2712 2711
2713 2714 2715
2713 2715 2716
2717 2718 2719
2717 2720 2718
2720 2721 2718
2720 2722 2721
2723 2724 2721
2723 2725 2724
2725 2726 2724
2725 2727 2726
2728 2729 2730
2728 2730 2731
2732 2733 2734
2732 2734 2735
2736 2737 2738
2736 2738 2739
2740 2741 2742
2740 2743 2741
2741 2743 2744
2741 2744 2745
2745 2744 2746
2746 2744 2747
2748 2749 2750
2748 2751 2749
2751 2752 2749
2751 2753 2752
2754 2755 2756
2754 2756 2757
2758 2754 2757
2758 2757 2759
2760 2761 2762
2760 2763 2761
2764 2761 2763
2764 2763 2765
2766 2764 2765
2766 2765 2767
2768 2769 2770
2770 2769 2771
2769 2772 2771
2769 2773 2772
2772 2773 2774
2772 2774 2775
2776 2777 2778
2777 2779 2778
2780 2779 2777
2780 2781 2779
2782 2783 2784
2782 2784 2785
2785 2784 2786
2785 2786 2787
2788 2789 2790
2788 2791 2789
2791 2788 2792
2791 2792 2793
2793 2792 2794
2793 2794 2795
2796 2797 2798
2796 2799 2797
2799 2796 2800
2799 2800 2801
2801 2800 2802
2801 2802 2803
2804 2805 2806
2804 2806 2807
2808 2804 2807
2808 2809 2804
2810 2811 2812
2810 2812 2813
2814 2815 2816
2814 2816 2817
2818 2819 2820
2818 2820 2821
2822 2818 2821
2822 2821 2823
2824 2825 2826
2824 2827 2825
2827 2828 2825
2827 2829 2828
2830 2831 2832
2830 2832 2833
2834 2835 2836
2834 2836 2837
2838 2839 2840
2838 2840 2841
2842 2838 2841
2842 2841 2843
2844 2842 2843
2844 2843 2845
2846 2847 2848
2846 2848 2849
2850 2851 2852
2850 2852 2853
2854 2850 2853
2854 2853 2855
2856 2857 2858
2856 2858 2859
2860 2861 2862
2860 2862 2863
2864 2865 2866
2864 2866 2867
2868 2864 2867
2868 2869 2864
2868 2870 2869
2871 2872 2873
2871 2873 2874
2875 2876 2877
2875 2877 2878
2879 2875 2878
2879 2878 2880
2881 2879 2880
2881 2880 2882
2883 2881 2882
2883 2882 2884
2885 2883 2884
2885 2884 2886
2887 2885 2886
2887 2886 2888
2889 2887 2888
2889 2888 2890
2891 2889 2890
2891 2890 2892
2893 2894 2895
2893 2895 2896
2897 2898 2899
2897 2900 2898
2901 2900 2897
2901 2902 2900
2903 2902 2901
2903 2904 2902
2905 2904 2903
2905 2906 2904
2907 2898 2908
2907 2908 2909
2909 2908 2910
2909 2910 2911
2911 2910 2912
2911 2912 2913
2913 2912 2914
2913 2914 2915
2916 2917 2918
2916 2919 2917
2920 2919 2916
2920 2921 2919
2922 2921 2920
2922 2923 2921
2924 2923 2922
2924 2925 2923
2926 2917 2927
2926 2927 2928
2928 2927 2929
2928 2929 2930
2930 2929 2931
2930 2931 2932
2932 2931 2933
2932 2933 2934
2935 2936 2937
2935 2937 2938
2939 2940 2941
2939 2941 2942
2942 2941 2943
2942 2943 2944
2945 2943 2946
2945 2946 2947
2947 2946 2948
2947 2948 2949
2950 2951 2952
2950 2952 2953
2954 2955 2956
2954 2956 2957
2958 2959 2960
2958 2960 2961
2962 2963 2964
2962 2965 2963
2966 2963 2965
2966 2965 2967
2968 2969 2970
2968 2971 2969
2971 2968 2972
2971 2972 2973
2974 2975 2976
2974 2977 2975
2978 2977 2974
2978 2979 2977
2980 2979 2978
2980 2981 2979
2982 2981 2980
2982 2983 2981
2984 2985 2986
2984 2986 2987
2988 2989 2990
2991 2990 2989
2991 2989 2992
2993 2991 2992
2993 2992 2994
2995 2993 2994
2995 2994 2996
2997 2995 2996
2997 2996 2998
2999 2997 2998
2999 2998 3000
3001 2999 3000
3001 3000 3002
3001 3002 3003
3004 3005 3006
3004 3006 3007
3008 3007 3006
3006 3009 3008
3006 3010 3009
3006 3011 3010
3012 3010 3011
3011 3013 3012
3011 3014 3013
3015 3013 3014
3015 3014 3016
3017 3015 3016
3017 3016 3018
3019 3017 3018
3019 3018 3020
3021 3019 3020
3021 3022 3019
3021 3023 3022
3023 3024 3022
3023 3025 3024
3026 3027 3028
3026 3028 3029
3029 3030 3026
3030 3031 3026
3032 3026 3031
3032 3033 3026
3033 3032 3034
3033 3034 3035
3033 3035 3036
3036 3035 3037
3036 3037 3038
3039 3038 3037
3039 3040 3038
3041 3040 3039
3041 3042 3040
3041 3043 3042
3041 3044 3043
3044 3045 3043
3046 3045 3044
3046 3047 3045
3048 3049 3050
3048 3051 3049
3052 3048 3053
3052 3053 3054
3051 3055 3056
3051 3056 3057
3058 3059 3056
3058 3060 3059
3061 3060 3062
3061 3062 3063
3063 3064 3065
3063 3065 3066
3067 3068 3054
3067 3054 3069
3070 3067 3069
3070 3069 3071
3070 3071 3072
3070 3072 3073
3074 3073 3072
3074 3075 3073
3076 3075 3074
3076 3077 3075
3078 3079 3080
3078 3081 3079
3082 3081 3083
3082 3083 3084
3085 3086 3084
3085 3084 3087
3088 3089 3087
3088 3087 3090
3091 3088 3092
3091 3092 3093
3094 3091 3095
3094 3095 3096
3097 3098 3096
3097 3099 3098
3100 3101 3102
3100 3102 3103
3104 3105 3106
3104 3106 3107
3108 3109 3110
3108 3110 3111
3112 3113 3114
3112 3115 3113
3115 3116 3113
3115 3117 3116
3116 3117 3118
3116 3118 3119
3118 3120 3119
3118 3121 3120
3122 3120 3121
3122 3121 3123
3123 3124 3122
3123 3125 3124
3125 3126 3124
3125 3127 3126
3127 3128 3126
3127 3129 3128
3129 3130 3128
3129 3131 3130
3131 3132 3130
3131 3133 3132
3133 3134 3132
3133 3135 3134
3136 3137 3138
3136 3138 3139
3140 3136 3139
3140 3139 3141
3140 3141 3142
3140 3142 3143
3144 3143 3142
3144 3145 3143
3146 3145 3144
3146 3147 3145
3148 3147 3146
3148 3146 3149
3150 3148 3149
3150 3149 3151
3152 3150 3151
3152 3151 3153
3154 3152 3153
3154 3153 3155
3156 3154 3155
3156 3155 3157
3158 3156 3157
3158 3157 3159
3160 3161 3162
3160 3162 3163
3163 3164 3160
3165 3166 3167
3165 3168 3166
3165 3169 3168
3170 3171 3172
3170 3172 3173
3174 3175 3176
3174 3176 3177
3178 3179 3180
3178 3180 3181
3182 3183 3184
3182 3184 3185
3186 3187 3188
3186 3188 3189
3190 3191 3192
3190 3193 3191
3194 3191 3193
3191 3195 3196
3194 3195 3197
3198 3191 3199
3199 3197 3200
3198 3201 3197
3202 3197 3201
3202 3203 3197
3204 3205 3206
3204 3206 3207
3208 3209 3210
3208 3210 3211
3212 3213 3214
3212 3214 3215
3216 3212 3215
3216 3215 3217
3218 3217 3215
3218 3215 3219
3220 3218 3219
3220 3219 3221
3219 3222 3221
3219 3223 3222
3224 3214 3223
3224 3223 3219
3225 3226 3227
3225 3227 3228
3229 3225 3228
3228 3227 3230
3228 3230 3231
3228 3231 3229
3231 3230 3232
3229 3231 3232
3232 3230 3233
3232 3233 3234
3229 3232 3235
3232 3234 3235
3229 3235 3236
3235 3234 3237
3236 3235 3238
3235 3237 3238
3239 3240 3241
3242 3240 3239
3243 3240 3242
3244 3240 3243
3245 3240 3244
3246 3240 3245
3247 3240 3246
3246 3245 3248
3246 3248 3249
3246 3249 3250
3251 3252 3253
3251 3253 3254
3255 3256 3257
3255 3257 3258
3259 3260 3261
3259 3262 3260
3263 3262 3259
3263 3264 3262
3265 3262 3264
3265 3266 3262
3267 3266 3265
3267 3268 3266
3266 3268 3269
3266 3269 3270
3271 3270 3260
3271 3266 3270
3272 3273 3274
3272 3275 3273
3276 3275 3272
3275 3277 3273
3275 3278 3277
3275 3276 3278
3278 3279 3277
3276 3279 3278
3279 3280 3277
3279 3281 3280
3276 3282 3279
3279 3282 3281
3276 3283 3282
3282 3284 3281
3283 3285 3282
3282 3285 3284
3286 3287 3288
3289 3286 3288
3290 3289 3288
3291 3290 3288
3292 3291 3288
3292 3288 3293
3294 3293 3288
3292 3293 3295
3293 3296 3295
3293 3297 3296
3298 3299 3300
3298 3300 3301
3302 3303 3304
3302 3304 3305
3306 3307 3308
3306 3308 3309
3310 3311 3312
3310 3312 3313
3314 3315 3316
3314 3316 3317
3318 3319 3320
3321 3320 3319
3321 3322 3320
3323 3322 3321
3323 3324 3322
3325 3324 3323
3325 3326 3324
3327 3326 3325
3327 3328 3326
3329 3328 3327
3329 3330 3328
3331 3330 3329
3331 3332 3330
3331 3333 3332
3334 3335 3336
3337 3336 3335
3337 3338 3336
3339 3338 3337
3339 3340 3338
3341 3340 3339
3341 3342 3340
3343 3342 3341
3343 3344 3342
3345 3344 3343
3345 3346 3344
3347 3346 3345
3347 3348 3346
3347 3349 3348
3350 3351 3352
3350 3352 3353
3351 3354 3352
3355 3350 3353
3351 3356 3354
3355 3353 3357
3356 3358 3354
3359 3355 3357
3356 3360 3358
3359 3357 3361
3360 3359 3361
3360 3361 3358
3362 3363 3364
3362 3364 3365
3366 3363 3362
3365 3364 3367
3366 3368 3363
3365 3367 3369
3370 3368 3366
3369 3367 3371
3370 3372 3368
3369 3371 3373
3373 3372 3370
3373 3371 3372
