byte offset: 0
first index: 0
index count: 4098
topology: trianglelist
format: DXGI_FORMAT_R16_UINT

0 1 2
3 4 5
6 7 8
9 10 11
12 13 14
15 16 17
18 19 20
21 22 23
24 25 26
27 28 29
30 31 32
33 34 35
36 33 37
36 37 38
39 38 37
39 40 38
41 36 38
42 36 41
40 43 38
41 38 43
42 41 44
42 44 45
44 46 45
40 47 43
47 40 48
41 43 49
41 49 44
49 43 47
49 47 50
47 51 50
47 52 51
52 47 48
52 48 53
44 54 46
54 55 46
54 56 55
57 54 44
57 56 54
57 44 58
57 59 56
57 60 59
58 61 57
57 61 60
62 60 61
62 61 63
64 52 53
52 64 65
64 53 66
66 53 67
67 68 66
68 64 66
67 69 68
68 70 64
71 70 68
71 68 69
70 72 64
71 72 70
64 72 73
71 74 72
75 74 71
75 76 74
75 71 77
77 71 69
75 77 78
77 69 79
69 80 79
69 81 80
82 80 81
82 83 80
84 83 82
85 83 84
85 86 83
87 88 89
90 87 91
90 92 87
92 93 87
94 90 91
91 87 95
94 91 96
91 97 96
98 97 91
99 91 95
99 98 91
98 99 95
98 95 100
100 101 98
101 100 102
101 102 103
103 102 104
103 104 105
101 103 105
106 105 104
106 104 107
105 106 108
105 108 109
109 108 110
101 105 111
111 105 109
112 111 109
109 110 113
112 109 113
114 113 110
112 113 114
114 110 115
112 114 116
112 116 117
101 111 118
111 112 118
112 117 119
119 118 112
120 119 117
121 101 118
118 119 121
121 98 101
122 119 120
122 121 119
122 120 123
122 123 124
124 121 122
124 123 125
126 98 121
124 126 121
98 126 97
124 125 127
128 127 125
127 128 129
130 127 129
97 127 130
97 130 131
132 126 124
132 124 127
126 132 97
97 132 127
96 97 131
131 133 96
131 134 133
134 131 135
134 135 136
137 96 133
137 138 96
138 137 139
138 139 140
140 139 141
141 139 142
143 144 145
146 147 148
146 148 149
149 148 150
151 149 150
151 152 149
151 153 152
151 154 153
154 155 153
153 156 152
157 152 156
157 156 153
157 158 152
159 158 157
159 160 158
157 161 159
157 162 161
163 157 153
162 157 163
163 153 155
162 163 164
163 165 164
163 155 165
155 166 165
155 167 166
168 169 170
168 171 169
171 168 172
169 171 173
169 173 174
175 173 171
172 176 171
175 171 176
177 175 176
172 178 176
176 178 179
180 176 179
181 180 179
181 182 180
183 184 185
186 184 183
186 187 184
188 187 186
189 190 191
192 189 191
193 192 191
193 194 192
195 196 197
198 195 197
199 200 201
199 202 200
203 202 199
203 204 202
205 206 207
205 208 206
209 206 208
210 211 212
210 212 213
213 214 210
213 215 214
216 217 218
216 218 219
220 221 222
220 223 221
220 224 223
220 225 224
226 227 228
226 229 227
230 229 226
230 231 229
230 232 231
230 233 232
234 235 236
234 236 237
238 237 236
238 236 239
237 238 240
238 239 241
238 242 240
238 241 243
238 243 242
244 242 243
244 243 245
246 244 245
246 245 247
245 248 247
247 249 246
250 245 243
245 250 248
250 243 251
252 251 243
252 253 251
247 254 249
248 254 247
249 254 255
249 255 256
249 256 257
249 257 258
259 258 257
259 260 258
260 259 261
260 261 262
255 254 263
248 263 254
264 263 248
255 263 265
265 263 264
265 264 266
267 266 264
267 264 268
268 269 267
268 270 269
271 270 268
270 272 269
270 271 272
273 272 271
274 268 264
271 268 274
275 264 248
274 264 275
248 276 275
248 277 276
274 275 278
271 274 278
278 275 276
277 279 276
277 280 279
281 279 280
281 280 282
278 276 283
284 283 276
284 285 283
283 285 286
285 284 287
285 287 288
289 278 283
286 289 283
271 278 289
271 289 290
273 271 290
290 289 291
286 291 289
291 286 292
291 292 293
291 293 290
273 290 293
273 293 294
295 294 293
295 293 292
295 296 294
296 295 297
298 297 295
298 295 299
299 295 292
299 300 298
299 301 300
302 300 301
302 301 303
304 301 299
292 304 299
303 301 305
304 305 301
303 305 306
305 307 306
305 304 307
304 308 307
292 308 304
309 308 292
307 308 310
308 311 310
308 309 311
311 309 312
313 312 309
309 292 314
292 286 314
315 309 314
316 309 315
316 317 309
318 314 286
318 286 319
286 285 319
285 320 319
285 321 320
285 322 321
285 288 322
322 288 323
322 323 324
321 322 325
320 321 325
320 325 326
327 320 326
328 320 327
329 326 325
325 330 329
329 331 326
331 327 326
331 332 327
327 332 333
328 327 334
335 328 334
335 334 336
337 336 334
337 334 338
327 338 334
339 337 338
339 338 340
327 340 338
327 333 340
340 333 341
340 341 342
340 342 343
344 345 346
344 346 347
348 349 350
348 351 349
351 348 352
351 352 353
354 353 352
354 352 355
356 354 355
356 355 357
357 355 358
358 355 352
359 357 358
358 360 359
352 348 361
358 352 361
358 362 360
361 362 358
362 363 360
364 363 362
364 362 365
361 365 362
365 366 364
367 361 348
367 365 361
365 367 366
368 367 348
369 366 367
368 370 367
369 367 370
369 370 371
371 370 372
373 372 370
371 372 374
375 371 374
376 375 374
372 376 374
376 377 375
372 378 376
372 379 378
380 379 372
376 378 381
379 381 378
377 376 381
379 382 381
382 383 381
382 384 383
385 381 383
377 381 385
385 383 386
377 385 387
387 388 377
388 389 377
388 390 389
388 391 390
390 391 392
392 391 393
391 394 393
395 396 397
395 397 398
399 400 401
399 401 402
403 402 401
403 401 404
403 404 405
406 407 408
406 408 409
410 411 412
412 413 410
412 414 413
415 413 414
416 415 414
416 417 415
418 417 416
418 416 419
418 419 420
421 422 423
421 423 424
425 426 427
425 427 428
429 430 431
429 431 432
433 434 435
434 433 436
433 437 436
438 434 436
438 436 439
436 440 439
436 437 440
441 440 437
441 437 442
433 443 437
444 443 433
444 437 443
444 445 437
445 446 437
445 447 446
448 449 450
448 450 451
452 448 451
453 454 455
453 456 454
457 454 456
458 456 453
458 453 459
456 458 460
461 457 456
461 456 460
461 462 457
461 460 463
464 462 461
465 461 463
464 461 465
465 466 464
465 467 466
465 463 468
468 469 465
468 470 469
471 472 473
472 474 473
472 475 474
474 475 476
477 478 479
477 480 478
480 481 478
480 482 481
483 484 485
483 486 484
486 483 487
488 489 490
488 490 491
492 493 494
492 494 495
496 495 494
496 497 495
498 499 500
498 500 501
502 503 504
502 505 503
506 503 505
506 507 503
506 508 507
506 509 508
508 510 507
508 511 510
512 507 510
512 513 507
514 513 512
514 515 513
512 510 516
514 512 516
514 516 517
518 514 517
518 519 514
510 511 520
520 511 521
522 510 520
520 521 523
519 524 514
515 514 524
519 525 524
520 526 522
522 526 527
528 527 526
528 526 529
520 523 530
526 520 530
526 530 529
531 530 523
532 529 530
532 530 531
532 533 529
534 532 531
534 533 532
535 524 525
535 525 536
537 524 535
515 524 537
536 538 535
536 539 538
540 538 539
538 541 535
537 535 541
542 537 541
538 543 541
540 543 538
543 542 541
544 543 540
543 544 542
542 544 545
544 540 546
545 544 546
545 546 547
545 547 548
515 537 549
542 549 537
515 549 550
550 551 515
550 552 551
545 548 553
554 553 548
554 555 553
553 555 556
557 555 554
557 556 555
556 557 558
545 553 559
553 556 559
542 545 560
560 545 559
561 542 560
561 562 542
560 559 563
563 559 556
561 560 563
564 562 561
564 565 562
566 561 563
566 567 561
566 568 567
569 568 566
570 567 568
570 568 571
566 563 572
563 556 572
572 569 566
573 572 556
556 558 573
574 572 573
572 574 569
575 569 574
576 575 574
576 574 573
576 573 558
576 558 577
577 578 576
575 576 578
577 579 578
580 578 579
578 580 581
578 581 582
575 578 582
583 582 581
583 584 582
584 583 585
586 584 585
584 587 582
582 587 575
588 584 586
584 588 587
588 586 589
590 588 589
590 587 588
590 591 587
587 591 575
575 591 592
593 591 590
593 594 591
594 592 591
595 592 594
592 595 596
592 596 597
575 592 598
598 569 575
598 592 599
592 597 599
569 598 599
600 599 597
569 599 600
600 597 601
600 568 569
601 568 600
601 602 568
603 568 602
603 571 568
604 571 603
604 603 605
606 603 602
606 602 601
606 601 607
607 601 608
608 601 609
608 609 610
610 609 611
610 611 612
610 612 613
614 608 610
610 613 614
614 613 615
614 616 608
616 614 615
617 616 618
617 619 616
619 620 616
620 621 616
620 622 621
621 622 623
621 623 624
624 623 625
624 625 626
625 627 626
628 629 630
628 630 631
632 633 634
632 634 635
632 635 636
632 636 637
637 636 638
639 640 641
642 639 641
643 644 645
643 645 646
647 648 649
650 647 649
650 651 647
651 650 652
652 653 651
652 654 653
653 654 655
653 655 656
657 656 655
658 659 660
658 660 661
662 663 664
663 665 664
663 666 665
667 665 666
665 667 668
668 667 669
670 665 668
668 671 670
672 665 670
672 670 673
671 673 670
674 672 673
674 673 675
671 675 673
674 675 676
676 675 671
676 671 677
677 671 678
671 679 678
668 679 671
678 679 680
679 681 680
679 682 681
668 682 679
682 683 681
668 684 682
683 682 684
668 669 684
683 684 669
685 686 687
685 687 688
689 685 688
688 687 690
689 688 691
691 692 689
691 693 692
693 694 692
688 690 695
696 691 688
696 688 695
695 690 697
696 695 697
698 697 690
698 699 697
697 699 700
697 700 701
696 697 701
701 700 702
701 702 703
703 696 701
703 702 704
705 691 696
703 705 696
705 693 691
706 693 705
693 706 694
707 705 703
706 705 707
703 704 708
707 703 708
704 709 708
709 707 708
704 710 709
694 706 711
694 711 712
711 713 712
711 714 713
711 715 714
706 707 716
706 716 711
711 716 715
709 716 707
715 716 709
715 709 717
710 717 709
710 718 717
719 720 721
721 722 719
723 724 725
723 725 726
727 728 729
727 729 730
727 730 731
732 733 734
732 735 733
733 735 736
733 736 737
738 737 736
732 739 735
739 736 735
732 740 739
740 741 739
740 742 741
743 738 736
738 743 744
739 745 736
739 741 745
745 741 746
741 747 746
748 741 742
748 742 749
748 750 741
748 751 750
752 736 745
736 752 743
745 746 752
753 743 752
746 753 752
746 754 753
743 753 755
756 743 755
756 755 757
758 757 755
753 758 755
759 757 758
753 754 760
753 760 758
761 760 754
761 754 762
759 758 763
759 763 764
765 764 763
765 763 766
763 761 766
767 766 761
767 761 768
768 761 762
768 762 769
762 770 769
761 771 760
758 760 771
763 771 761
758 771 763
772 770 762
772 773 770
774 772 762
774 762 775
762 754 775
774 775 754
774 754 776
754 746 776
777 776 746
777 746 778
779 780 781
779 781 782
782 781 783
784 779 782
782 783 785
786 785 783
786 787 785
788 787 786
784 782 789
782 785 790
782 790 789
791 784 789
791 789 790
791 792 784
791 793 792
794 793 791
794 791 795
791 790 795
796 794 795
796 795 797
790 797 795
798 796 797
785 799 790
785 787 799
790 799 797
799 787 800
788 800 787
797 799 801
799 800 801
798 797 802
797 801 802
803 798 802
801 803 802
803 804 798
805 800 788
805 788 806
807 805 806
807 808 805
809 805 808
810 801 800
810 800 805
809 810 805
801 810 803
803 810 809
803 809 811
811 804 803
811 812 804
813 814 815
815 816 813
817 818 819
819 818 820
818 821 820
818 822 821
823 821 822
823 822 824
824 825 823
824 826 825
827 825 826
827 826 828
827 828 829
827 829 830
831 832 833
834 831 833
835 834 833
836 837 838
836 838 839
838 840 839
836 839 841
841 839 840
841 840 842
836 841 843
840 844 842
840 845 844
844 845 846
845 840 847
848 847 840
845 847 849
850 845 849
850 851 845
845 851 846
852 846 851
853 836 843
853 843 854
855 853 854
855 854 856
857 855 856
857 858 855
859 858 857
836 853 860
836 860 861
836 861 862
863 860 853
863 853 855
855 864 863
855 858 864
858 865 864
859 866 858
858 866 865
867 866 859
867 865 866
867 859 868
867 869 865
870 867 868
867 870 869
871 872 873
871 873 874
875 874 873
875 876 874
876 875 877
876 877 878
878 877 879
878 879 880
881 880 879
881 882 880
883 884 885
883 885 886
887 888 889
887 889 890
891 887 890
891 892 887
891 893 892
891 894 893
894 895 893
894 896 895
896 897 895
896 898 897
899 897 898
900 901 902
900 903 901
901 903 904
905 906 907
907 906 908
907 908 909
908 910 909
910 908 911
912 910 911
913 912 911
914 915 916
914 917 915
914 918 917
919 920 921
921 920 922
920 923 922
922 923 924
924 925 926
924 926 927
924 927 928
926 929 927
928 927 930
928 930 931
930 932 931
929 933 927
930 927 933
934 930 933
935 930 934
930 935 936
935 937 936
935 938 937
935 939 938
935 934 940
940 939 935
940 941 939
941 940 942
941 942 943
934 933 944
945 943 942
944 933 946
944 946 947
929 946 933
947 946 948
945 949 943
950 943 949
951 949 945
951 952 949
952 951 953
946 929 954
954 948 946
954 955 948
948 955 956
957 954 929
957 929 958
957 958 959
960 961 962
962 963 960
962 964 963
965 966 967
966 965 968
969 966 968
969 970 966
968 965 971
965 972 971
973 971 972
973 974 971
974 968 971
974 975 968
968 975 969
975 976 969
969 977 970
978 970 977
969 976 979
969 979 977
978 977 979
980 979 976
981 978 979
980 982 979
982 981 979
983 984 985
983 985 986
987 986 985
987 988 986
989 988 987
989 990 988
991 992 993
994 993 992
995 996 997
995 997 998
995 998 999
995 999 1000
1001 1002 1003
1001 1003 1004
1005 1006 1007
1005 1007 1008
1009 1005 1008
1009 1008 1010
1010 1008 1011
1012 1011 1008
1012 1013 1011
1014 1015 1016
1014 1017 1015
1017 1014 1018
1017 1018 1019
1018 1020 1019
1019 1021 1017
1021 1015 1017
1019 1022 1021
1021 1022 1023
1021 1023 1024
1015 1021 1025
1024 1025 1021
1015 1025 1026
1027 1025 1024
1028 1026 1025
1025 1027 1029
1025 1029 1028
1030 1031 1032
1031 1033 1032
1031 1034 1033
1034 1035 1033
1034 1036 1035
1037 1038 1039
1040 1038 1037
1040 1041 1038
1042 1041 1040
1042 1040 1043
1044 1042 1043
1044 1043 1045
1045 1046 1044
1045 1047 1046
1048 1046 1047
1048 1049 1046
1048 1050 1049
1048 1051 1050
1052 1050 1051
1052 1051 1053
1054 1052 1053
1054 1055 1052
1056 1055 1054
1056 1057 1055
1057 1056 1058
1059 1060 1061
1062 1059 1061
1062 1061 1063
1062 1063 1064
1062 1064 1065
1065 1064 1066
1065 1066 1067
1068 1067 1066
1068 1069 1067
1069 1068 1070
1069 1070 1071
1072 1071 1070
1073 1070 1074
1073 1074 1075
1076 1075 1074
1077 1078 1079
1077 1079 1080
1080 1081 1077
1080 1082 1081
1083 1081 1082
1083 1082 1084
1085 1083 1084
1085 1084 1086
1086 1087 1085
1086 1088 1087
1089 1090 1091
1089 1091 1092
1093 1089 1092
1093 1094 1089
1094 1093 1095
1096 1097 1098
1096 1098 1099
1100 1101 1102
1102 1101 1103
1102 1103 1104
1105 1104 1103
1105 1103 1106
1107 1105 1106
1107 1106 1108
1107 1108 1109
1108 1110 1109
1111 1109 1110
1112 1113 1114
1113 1115 1114
1113 1116 1115
1117 1115 1116
1117 1116 1118
1117 1118 1119
1117 1119 1120
1119 1121 1120
1119 1122 1121
1123 1121 1122
1123 1122 1124
1125 1126 1127
1125 1127 1128
1125 1128 1129
1129 1128 1130
1129 1130 1131
1132 1131 1130
1132 1133 1131
1134 1133 1132
1134 1135 1133
1134 1136 1135
1134 1137 1136
1138 1136 1137
1138 1137 1139
1138 1139 1140
1138 1140 1141
1141 1140 1142
1141 1142 1143
1144 1143 1142
1144 1145 1143
1146 1145 1144
1146 1144 1147
1148 1146 1147
1148 1149 1146
1150 1151 1152
1150 1152 1153
1152 1154 1153
1152 1155 1154
1156 1154 1155
1156 1157 1154
1158 1157 1156
1158 1159 1157
1160 1159 1158
1160 1161 1159
1161 1160 1162
1163 1164 1165
1163 1166 1164
1167 1166 1163
1168 1169 1170
1168 1170 1171
1171 1172 1168
1171 1173 1172
1173 1174 1172
1173 1175 1174
1174 1175 1176
1174 1176 1177
1178 1177 1176
1178 1176 1179
1178 1179 1180
1181 1182 1183
1182 1181 1184
1185 1186 1187
1185 1187 1188
1189 1190 1191
1189 1191 1192
1192 1191 1193
1192 1193 1194
1195 1192 1194
1195 1189 1192
1195 1196 1189
1197 1198 1199
1197 1200 1198
1201 1198 1200
1201 1200 1202
1202 1203 1201
1204 1202 1200
1200 1197 1204
1204 1205 1202
1206 1205 1204
1206 1204 1207
1208 1204 1197
1204 1208 1207
1208 1197 1209
1207 1208 1210
1208 1209 1211
1212 1210 1208
1212 1208 1211
1213 1214 1215
1216 1214 1213
1216 1217 1214
1218 1217 1216
1218 1219 1217
1220 1221 1222
1220 1222 1223
1224 1221 1220
1223 1225 1220
1225 1224 1220
1226 1225 1223
1225 1227 1224
1227 1228 1224
1227 1229 1228
1229 1227 1230
1226 1231 1225
1225 1231 1227
1230 1227 1231
1226 1232 1231
1231 1233 1230
1232 1234 1231
1231 1234 1233
1235 1236 1237
1238 1236 1235
1235 1237 1239
1240 1239 1237
1240 1241 1239
1241 1235 1239
1241 1242 1235
1238 1235 1243
1243 1235 1242
1238 1243 1244
1243 1245 1244
1245 1243 1242
1242 1246 1245
1247 1246 1242
1248 1247 1242
1248 1242 1249
1241 1249 1242
1250 1248 1249
1240 1251 1241
1241 1251 1249
1250 1249 1251
1251 1240 1252
1250 1251 1252
1253 1254 1255
1253 1255 1256
1257 1255 1254
1256 1255 1258
1259 1256 1258
1260 1259 1258
1260 1261 1259
1257 1262 1255
1263 1255 1262
1262 1257 1264
1265 1258 1255
1265 1260 1258
1265 1255 1263
1266 1262 1264
1263 1262 1266
1266 1264 1267
1267 1268 1266
1266 1268 1263
1260 1265 1269
1269 1265 1263
1270 1261 1260
1260 1269 1270
1271 1261 1270
1270 1269 1271
1263 1271 1269
1272 1261 1271
1263 1268 1273
1263 1273 1271
1272 1271 1273
1273 1268 1274
1272 1273 1274
1275 1276 1277
1277 1276 1278
1275 1277 1279
1279 1280 1275
1279 1281 1280
1277 1282 1279
1281 1279 1282
1277 1283 1282
1281 1282 1284
1285 1280 1281
1284 1285 1281
1285 1286 1280
1284 1287 1285
1288 1283 1277
1277 1278 1288
1288 1289 1283
1286 1285 1290
1287 1290 1285
1286 1290 1291
1287 1292 1290
1291 1290 1293
1292 1293 1290
1289 1288 1294
1278 1294 1288
1289 1294 1295
1296 1295 1294
1297 1294 1278
1296 1294 1297
1297 1278 1298
1299 1296 1297
1297 1298 1300
1299 1297 1301
1297 1300 1301
1301 1300 1302
1301 1303 1299
1301 1302 1304
1301 1304 1303
1305 1304 1302
1303 1304 1306
1305 1306 1304
1303 1306 1307
1306 1305 1308
1306 1309 1307
1306 1308 1309
1310 1311 1312
1313 1310 1312
1312 1311 1314
1314 1311 1315
1314 1316 1312
1313 1312 1316
1317 1314 1315
1314 1317 1316
1317 1315 1318
1318 1319 1317
1320 1313 1316
1320 1316 1317
1321 1317 1319
1321 1320 1317
1321 1319 1322
1323 1321 1322
1323 1324 1321
1320 1321 1324
1323 1325 1324
1325 1326 1324
1320 1324 1326
1325 1327 1326
1328 1313 1320
1326 1328 1320
1327 1328 1326
1328 1329 1313
1327 1329 1328
