byte offset: 0
first index: 0
index count: 5214
topology: trianglelist
format: DXGI_FORMAT_R16_UINT

0 1 2
3 4 5
6 7 8
9 10 11
12 13 14
15 16 17
18 19 20
21 22 23
24 25 26
27 28 29
30 31 32
33 34 35
36 37 38
39 40 41
42 43 44
45 46 47
48 49 50
51 52 53
54 55 56
57 58 59
60 61 62
63 64 65
66 67 68
69 70 71
72 73 74
75 76 77
78 79 80
81 82 83
84 85 86
87 88 89
90 91 92
93 94 95
96 97 98
99 100 101
102 103 100
102 104 103
105 106 107
108 109 110
111 112 113
114 115 116
117 118 119
120 121 122
123 124 125
126 127 128
129 130 131
132 133 134
135 136 137
138 139 140
141 142 143
144 145 146
147 148 149
150 151 152
153 154 155
156 157 158
159 160 161
162 163 164
165 166 167
168 169 170
171 172 173
174 175 176
177 178 179
180 181 182
183 184 185
186 187 188
189 190 191
192 193 194
195 196 197
198 197 199
198 200 197
201 197 200
198 199 202
197 203 199
199 204 202
205 204 199
206 205 199
199 203 207
206 199 207
206 207 203
206 203 208
209 206 208
206 210 205
209 211 206
206 211 210
212 210 211
212 213 210
214 213 212
214 215 213
210 213 216
216 205 210
213 215 217
213 217 216
205 216 217
217 215 218
218 219 217
218 220 219
219 221 217
205 217 221
219 222 221
222 205 221
222 223 205
205 223 204
223 224 204
223 225 224
204 224 226
225 223 227
204 226 228
225 227 229
229 227 230
229 230 231
228 226 232
228 232 233
232 234 233
232 235 234
236 237 238
239 240 241
242 243 244
245 246 247
248 249 250
251 252 253
254 255 256
257 258 259
260 261 262
263 264 265
263 266 264
266 267 264
264 267 268
268 267 269
268 270 264
268 271 270
271 268 272
268 269 272
269 267 273
273 267 274
269 273 275
269 275 276
272 269 277
272 277 278
272 278 279
280 269 276
269 280 277
281 277 280
282 277 281
281 280 283
280 276 283
276 284 283
283 284 285
283 285 286
284 287 285
287 288 285
287 289 288
287 290 289
287 291 290
284 292 287
291 287 292
291 292 293
284 294 292
292 295 293
292 294 296
292 296 295
294 297 296
296 297 298
298 295 296
298 299 295
300 301 302
300 303 301
301 303 304
301 304 305
306 305 304
306 307 305
308 309 310
308 310 311
311 310 312
311 312 313
312 314 313
312 315 314
316 317 318
316 318 319
316 319 320
316 320 321
322 323 324
322 325 323
326 325 322
325 327 323
325 328 327
326 328 325
326 322 329
326 329 330
326 330 331
331 332 326
331 333 332
334 326 332
334 335 326
335 334 336
335 336 337
337 336 338
338 336 339
340 341 342
340 342 343
344 340 343
344 345 340
344 346 345
344 347 346
348 347 344
348 344 349
344 343 349
349 343 342
349 342 350
351 352 353
351 354 352
354 355 352
351 356 354
351 357 356
358 354 356
358 355 354
359 355 358
360 355 359
360 359 361
362 363 364
362 364 365
365 366 362
365 367 366
368 366 367
368 369 366
370 368 367
367 365 370
371 368 370
370 365 372
365 373 372
373 374 372
373 375 374
376 372 374
370 372 376
376 374 377
378 376 377
378 379 376
370 376 379
370 379 380
381 382 383
381 383 384
385 381 384
385 384 386
387 388 389
387 390 388
391 390 387
391 387 392
393 391 392
393 394 391
395 394 393
395 396 394
397 396 395
397 395 398
399 400 401
401 400 402
403 404 405
405 404 406
407 408 409
407 410 408
411 408 410
411 410 412
413 414 415
415 414 416
417 418 419
417 419 420
421 420 419
421 422 420
423 422 421
424 425 426
427 424 426
427 428 424
427 429 428
430 431 432
430 432 433
434 435 430
434 436 435
437 438 439
437 440 438
441 438 440
441 440 442
443 441 442
443 442 444
445 446 447
445 447 448
449 450 451
449 452 450
452 453 450
454 455 456
454 457 455
458 457 454
458 459 457
459 458 460
461 462 463
462 464 463
462 465 464
466 467 468
466 468 469
470 471 472
470 472 473
473 474 470
470 474 475
475 474 476
476 474 477
473 478 474
474 478 477
479 477 478
479 480 477
481 480 479
479 482 481
479 483 482
479 484 483
479 485 484
479 478 485
486 484 485
487 478 473
473 486 487
478 487 485
486 485 487
488 489 490
488 490 491
488 491 492
488 492 493
494 495 496
494 496 497
498 497 496
498 499 497
499 498 500
501 502 503
501 503 504
505 506 507
505 507 508
509 510 511
509 511 512
513 509 512
513 512 514
515 516 517
515 517 518
519 520 521
519 521 522
523 521 524
523 524 525
526 527 528
526 528 529
529 528 530
529 530 531
532 533 534
534 533 535
536 537 538
536 539 537
540 537 539
540 539 541
542 543 544
542 544 545
546 547 548
546 549 547
549 546 550
549 550 551
551 550 552
551 552 553
552 554 553
554 555 553
551 553 556
556 553 557
558 557 553
556 557 559
560 551 556
561 560 556
562 551 560
562 560 563
563 564 562
563 565 564
565 566 564
567 568 569
568 567 570
568 570 571
570 572 571
570 573 572
573 574 572
573 575 574
575 576 574
577 574 576
578 577 576
579 580 581
581 580 582
583 584 585
585 584 586
587 586 584
587 584 588
587 588 589
587 589 590
589 591 590
589 592 591
593 591 592
594 593 592
594 592 595
595 596 594
597 596 595
598 596 597
598 597 599
598 599 600
599 601 600
602 601 599
603 601 602
603 602 604
604 602 605
602 606 605
602 607 606
608 609 610
611 608 610
612 613 614
615 612 614
615 614 616
616 617 615
616 618 617
616 619 620
616 621 619
621 616 622
621 622 623
623 622 624
625 626 627
625 628 626
629 630 631
629 631 632
633 634 635
636 635 634
636 637 635
638 637 636
638 636 639
640 638 639
640 639 641
640 641 642
643 642 641
644 642 643
644 643 645
646 642 644
646 644 645
646 647 642
648 647 646
646 645 649
648 646 649
648 650 647
648 651 650
648 649 652
648 653 651
651 653 654
654 653 655
652 656 648
648 656 657
656 658 657
659 657 658
656 660 658
661 656 652
662 656 661
663 661 652
664 662 661
664 661 663
665 666 667
667 666 668
668 669 667
668 670 669
669 670 671
669 671 672
672 671 673
672 673 674
675 674 673
676 674 675
676 677 674
678 677 676
678 679 677
680 679 678
680 681 679
682 681 680
683 681 682
683 684 681
683 685 684
684 685 686
686 687 684
684 687 688
689 684 688
690 691 692
690 692 693
694 695 696
694 697 695
698 697 694
698 699 697
699 700 697
699 701 700
697 700 702
703 704 705
705 706 703
705 707 706
708 709 710
708 710 711
712 711 710
712 710 713
712 713 714
715 712 714
715 716 712
715 717 716
718 719 720
718 720 721
718 721 722
723 724 725
724 726 725
724 727 726
728 726 727
729 730 731
729 731 732
733 734 735
734 736 735
736 737 735
736 738 737
739 740 741
739 741 742
742 741 743
742 743 744
744 743 745
746 747 748
746 749 747
747 749 750
747 750 751
752 753 754
752 754 755
756 757 758
756 758 759
760 761 762
760 762 763
764 765 766
765 767 766
765 768 767
769 770 771
769 771 772
773 769 772
774 773 772
775 774 772
775 776 774
777 776 775
776 777 778
777 779 778
780 781 782
780 782 783
784 785 786
786 785 787
788 789 790
788 790 791
792 793 794
792 795 793
796 793 795
796 797 793
798 799 800
798 800 801
802 803 804
802 805 803
805 802 806
805 806 807
807 806 808
807 808 809
810 811 812
810 812 813
814 815 816
814 817 815
814 818 817
814 819 818
819 820 818
819 821 820
821 819 822
823 822 819
824 823 819
825 821 822
825 826 821
827 825 822
826 825 828
826 828 829
830 825 827
830 831 825
832 830 827
833 830 832
833 834 830
835 836 837
835 837 838
835 838 839
840 841 842
842 841 843
844 842 843
844 843 845
845 846 844
847 848 849
847 849 850
851 852 853
851 853 854
853 855 854
856 857 858
859 856 858
859 860 856
856 860 861
862 861 860
863 860 859
862 860 863
864 862 863
865 864 863
865 863 866
867 866 863
867 863 868
869 867 868
869 870 867
867 870 871
870 872 871
873 874 875
875 876 873
876 877 873
876 878 877
878 879 877
880 881 882
880 882 883
884 885 886
884 887 885
888 885 887
888 889 885
889 888 890
890 891 889
892 893 894
895 893 892
895 896 893
896 897 893
898 897 896
899 900 901
899 902 900
903 900 902
903 902 904
905 906 907
905 907 908
909 910 911
909 912 910
913 912 909
913 914 912
913 915 914
913 916 915
914 917 912
918 912 917
917 914 919
919 920 917
919 921 920
922 920 921
922 921 923
920 922 924
925 920 924
926 917 920
918 917 926
925 926 920
918 926 927
928 918 927
925 929 926
926 929 930
929 931 930
929 932 931
932 933 931
925 934 929
925 935 934
929 934 936
928 937 918
928 938 937
928 939 938
940 938 939
940 939 941
940 942 938
943 942 940
943 944 942
945 918 937
937 946 945
937 947 946
948 946 947
948 947 949
945 950 918
918 950 912
951 912 950
951 950 952
952 953 951
952 954 953
955 956 957
957 958 955
959 960 961
959 962 960
962 959 963
962 963 964
965 964 963
965 966 964
967 968 969
967 970 968
967 971 970
972 973 974
972 974 975
976 977 978
976 978 979
980 981 982
980 982 983
984 985 986
984 987 985
988 985 987
989 988 987
988 989 990
990 991 988
991 990 992
992 990 993
992 993 994
990 995 993
996 994 993
990 997 995
989 997 990
998 994 996
994 998 999
997 989 1000
989 987 1000
997 1000 1001
1000 1002 1001
1000 1003 1002
1003 1000 987
1003 987 1004
994 999 1005
1006 1005 999
1007 1005 1006
1007 1008 1005
1009 994 1005
1008 1010 1005
1011 1010 1008
1011 1008 1012
1009 1013 994
1013 1009 1014
1013 1014 1015
1015 1014 1016
1015 1016 1017
1018 1017 1016
1018 1016 1019
1020 1018 1019
1021 1022 1023
1023 1022 1024
1025 1026 1027
1025 1027 1028
1029 1030 1031
1029 1032 1030
1032 1029 1033
1034 1035 1036
1034 1036 1037
1034 1037 1038
1039 1040 1041
1041 1040 1042
1042 1043 1041
1044 1045 1046
1044 1047 1045
1048 1045 1047
1049 1050 1051
1049 1051 1052
1053 1052 1051
1054 1052 1053
1054 1053 1055
1056 1057 1058
1056 1058 1059
1060 1056 1059
1060 1059 1061
1062 1060 1061
1062 1061 1063
1062 1063 1064
1065 1066 1067
1067 1066 1068
1066 1069 1068
1069 1070 1068
1071 1072 1073
1072 1071 1074
1075 1076 1077
1075 1077 1078
1079 1080 1081
1079 1082 1080
1083 1082 1079
1083 1084 1082
1084 1083 1085
1084 1085 1086
1085 1087 1086
1085 1088 1087
1087 1088 1089
1087 1089 1090
1089 1091 1090
1089 1092 1091
1092 1093 1091
1092 1094 1093
1095 1093 1094
1096 1097 1098
1096 1098 1099
1098 1100 1099
1101 1102 1103
1104 1101 1103
1104 1103 1105
1104 1105 1106
1104 1106 1107
1107 1106 1108
1109 1107 1108
1109 1108 1110
1110 1111 1109
1110 1112 1111
1112 1113 1111
1112 1114 1113
1113 1114 1115
1116 1117 1118
1118 1119 1116
1120 1119 1118
1121 1116 1119
1120 1118 1122
1121 1123 1116
1120 1122 1124
1125 1116 1123
1125 1123 1126
1125 1127 1116
1116 1127 1128
1125 1129 1127
1125 1130 1129
1126 1131 1125
1125 1131 1130
1126 1132 1131
1131 1133 1130
1131 1132 1134
1135 1133 1131
1131 1134 1135
1135 1136 1133
1134 1137 1135
1136 1135 1137
1134 1138 1137
1136 1137 1139
1137 1138 1140
1139 1137 1141
1137 1140 1141
1139 1141 1142
1141 1140 1143
1141 1144 1142
1141 1143 1144
1145 1144 1143
1146 1147 1148
1147 1149 1148
1148 1149 1150
1150 1149 1151
1152 1153 1154
1155 1152 1154
1156 1157 1158
1156 1159 1157
1156 1124 1159
1159 1124 1160
1124 1161 1160
1124 1162 1161
1163 1162 1124
1122 1163 1124
1163 1164 1162
1162 1164 1165
1122 1166 1163
1122 1167 1166
1168 1167 1122
1169 1170 1171
1169 1171 1172
1169 1172 1173
1169 1173 1174
1175 1174 1173
1175 1176 1174
1177 1176 1175
1177 1178 1176
1177 1179 1178
1180 1181 1182
1180 1182 1183
1184 1183 1182
1185 1184 1182
1186 1184 1185
1187 1188 1189
1187 1189 1190
1191 1192 1193
1191 1193 1194
1195 1196 1197
1198 1196 1195
1198 1199 1196
1200 1201 1202
1200 1202 1203
1204 1205 1206
1205 1204 1207
1207 1208 1205
1208 1207 1209
1205 1208 1210
1211 1205 1210
1211 1210 1212
1208 1209 1213
1208 1213 1214
1215 1208 1214
1214 1216 1215
1216 1214 1217
1218 1214 1213
1214 1218 1217
1217 1218 1219
1219 1220 1217
1219 1221 1220
1218 1213 1222
1213 1209 1222
1209 1223 1222
1209 1224 1223
1222 1223 1225
1223 1224 1225
1226 1227 1228
1226 1228 1229
1230 1231 1232
1230 1232 1233
1234 1235 1236
1237 1235 1234
1237 1238 1235
1238 1237 1239
1239 1240 1238
1239 1237 1241
1240 1239 1242
1241 1242 1239
1240 1242 1243
1243 1242 1244
1242 1245 1244
1241 1245 1242
1245 1246 1244
1246 1247 1244
1245 1248 1246
1248 1247 1246
1245 1241 1248
1248 1249 1247
1248 1250 1249
1241 1251 1248
1251 1250 1248
1241 1252 1251
1251 1253 1250
1251 1252 1254
1255 1253 1251
1251 1254 1255
1255 1256 1253
1255 1254 1257
1257 1256 1255
1258 1259 1260
1258 1261 1259
1262 1259 1261
1262 1263 1259
1264 1263 1262
1264 1262 1265
1266 1264 1265
1266 1267 1264
1268 1267 1266
1268 1269 1267
1270 1269 1268
1270 1268 1271
1270 1271 1272
1270 1272 1273
1271 1268 1274
1271 1274 1275
1268 1276 1274
1277 1276 1268
1277 1268 1278
1277 1278 1279
1278 1280 1279
1278 1281 1280
1280 1281 1282
1280 1282 1283
1280 1283 1284
1280 1284 1285
1285 1284 1286
1287 1285 1286
1287 1286 1288
1289 1290 1291
1289 1292 1290
1292 1293 1290
1292 1294 1293
1295 1293 1294
1295 1296 1293
1296 1295 1297
1296 1297 1298
1299 1298 1297
1299 1300 1298
1299 1301 1300
1302 1300 1301
1302 1303 1300
1304 1305 1306
1304 1306 1307
1308 1309 1310
1308 1310 1311
1312 1313 1314
1312 1314 1315
1316 1317 1318
1316 1318 1319
1320 1321 1322
1322 1321 1323
1324 1325 1326
1326 1325 1327
1328 1329 1330
1330 1329 1331
1332 1333 1334
1334 1333 1335
1336 1337 1338
1338 1337 1339
1340 1341 1342
1342 1341 1343
1344 1345 1346
1346 1345 1347
1348 1349 1350
1350 1349 1351
1352 1353 1354
1354 1353 1355
1356 1357 1358
1358 1357 1359
1360 1361 1362
1362 1361 1363
1364 1365 1366
1366 1365 1367
1368 1369 1370
1370 1369 1371
1372 1373 1374
1374 1373 1375
1376 1377 1378
1378 1377 1379
1380 1381 1382
1382 1381 1383
1384 1385 1386
1384 1387 1385
1388 1387 1384
1388 1389 1387
1390 1389 1388
1390 1388 1391
1390 1391 1392
1393 1392 1391
1393 1391 1394
1395 1393 1394
1395 1394 1396
1397 1398 1399
1397 1399 1400
1400 1401 1397
1400 1402 1401
1403 1404 1405
1403 1405 1406
1406 1405 1407
1408 1406 1407
1408 1407 1409
1408 1409 1410
1408 1410 1411
1412 1408 1411
1412 1411 1413
1414 1412 1413
1414 1413 1415
1414 1415 1416
1415 1417 1416
1417 1415 1418
1417 1418 1419
1420 1419 1418
1421 1422 1423
1421 1423 1424
1425 1426 1427
1425 1427 1428
1425 1428 1429
1425 1429 1430
1429 1431 1430
1429 1432 1431
1432 1433 1431
1432 1434 1433
1435 1433 1434
1435 1434 1436
1437 1435 1436
1437 1438 1435
1438 1437 1439
1438 1439 1440
1441 1440 1439
1442 1443 1444
1442 1444 1445
1446 1447 1448
1449 1448 1447
1449 1447 1450
1450 1451 1449
1450 1447 1452
1453 1454 1455
1455 1454 1456
1455 1456 1457
1458 1459 1460
1461 1460 1459
1462 1463 1464
1462 1464 1465
1466 1467 1468
1466 1468 1469
1470 1471 1472
1470 1472 1473
1474 1475 1476
1474 1477 1475
1478 1479 1480
1478 1481 1479
1482 1483 1484
1482 1484 1485
1486 1487 1488
1486 1489 1487
1486 1490 1489
1486 1491 1490
1492 1487 1489
1492 1489 1490
1492 1493 1487
1494 1490 1491
1492 1490 1495
1495 1490 1494
1494 1491 1496
1497 1496 1491
1497 1498 1496
1497 1499 1498
1499 1500 1498
1499 1501 1500
1500 1501 1502
1503 1496 1498
1503 1498 1504
1505 1503 1504
1505 1506 1503
1506 1505 1507
1496 1503 1508
1506 1508 1503
1496 1508 1509
1509 1494 1496
1509 1510 1494
1510 1511 1494
1494 1511 1495
1495 1511 1512
1506 1513 1508
1514 1506 1507
1514 1513 1506
1514 1515 1513
1514 1507 1516
1517 1515 1514
1516 1518 1514
1517 1514 1518
1516 1519 1518
1518 1520 1517
1518 1519 1521
1518 1522 1520
1518 1521 1522
1522 1523 1520
1522 1521 1524
1522 1524 1523
1525 1523 1524
1526 1527 1528
1526 1529 1527
1526 1530 1529
1531 1532 1533
1531 1534 1532
1531 1535 1534
1536 1532 1534
1535 1537 1534
1537 1538 1534
1537 1539 1538
1539 1537 1540
1535 1540 1537
1541 1538 1539
1541 1539 1540
1541 1542 1538
1541 1543 1542
1540 1544 1541
1535 1544 1540
1541 1545 1543
1541 1544 1545
1546 1543 1545
1547 1545 1544
1546 1545 1547
1535 1548 1544
1547 1544 1548
1546 1547 1549
1546 1549 1550
1550 1549 1551
1551 1549 1547
1550 1551 1552
1495 1552 1551
1551 1547 1553
1551 1553 1495
1547 1548 1553
1492 1495 1553
1492 1553 1548
1548 1493 1492
1554 1548 1535
1548 1554 1493
1555 1554 1535
1556 1555 1535
1556 1557 1555
1558 1557 1556
1558 1559 1557
1557 1559 1560
1557 1560 1561
1562 1557 1561
1562 1563 1557
1563 1555 1557
1563 1564 1555
1555 1565 1554
1564 1565 1555
1554 1565 1566
1566 1565 1564
1554 1566 1567
1554 1567 1493
1566 1564 1568
1564 1569 1568
1564 1570 1569
1571 1570 1564
1571 1572 1570
1572 1571 1573
1572 1573 1574
1575 1493 1567
1575 1576 1493
1567 1577 1575
1578 1577 1567
1578 1579 1577
1579 1580 1577
1579 1581 1580
1580 1581 1582
1580 1582 1583
1584 1583 1582
1584 1582 1585
1586 1584 1585
1586 1585 1587
1586 1587 1588
1589 1590 1591
1592 1590 1589
1593 1594 1595
1594 1596 1595
1597 1598 1599
1597 1600 1598
1601 1602 1600
1601 1603 1602
1601 1604 1603
1601 1605 1604
1606 1604 1605
1607 1608 1609
1610 1608 1607
1610 1607 1611
1612 1610 1611
1612 1613 1610
1614 1613 1612
1614 1612 1615
1616 1617 1618
1617 1619 1618
1620 1621 1622
1620 1623 1621
1623 1620 1624
1623 1624 1625
1626 1625 1624
1626 1624 1627
1628 1626 1627
1628 1627 1629
1630 1628 1629
1630 1631 1628
1631 1630 1632
1631 1632 1633
1633 1632 1634
1633 1634 1635
1636 1635 1634
1637 1638 1639
1637 1639 1640
1640 1639 1641
1640 1641 1642
1641 1643 1642
1641 1644 1643
1645 1643 1644
1645 1646 1643
1647 1646 1645
1647 1648 1646
1647 1649 1648
1650 1651 1652
1650 1652 1653
1654 1655 1656
1654 1656 1657
1656 1658 1657
1659 1658 1656
1659 1660 1658
1661 1662 1663
1661 1663 1664
1665 1661 1664
1665 1664 1666
1666 1667 1665
1666 1668 1667
1669 1670 1671
1669 1671 1672
1672 1671 1673
1674 1675 1676
1674 1676 1677
1676 1678 1677
1676 1679 1678
1680 1681 1682
1682 1681 1683
1682 1683 1684
1685 1684 1683
1683 1686 1685
1683 1687 1686
1688 1685 1686
1688 1684 1685
1688 1686 1689
1688 1689 1690
1688 1690 1691
1692 1691 1690
1692 1693 1691
1692 1694 1693
1692 1695 1694
1695 1696 1694
1695 1697 1696
1698 1696 1697
1684 1688 1699
1700 1684 1699
1688 1701 1699
1700 1699 1702
1703 1699 1701
1704 1700 1702
1701 1705 1703
1702 1706 1704
1702 1707 1706
1704 1706 1708
1705 1709 1703
1710 1703 1709
1711 1709 1705
1711 1705 1712
1711 1713 1709
1710 1709 1713
1710 1713 1714
1710 1714 1715
1716 1715 1714
1716 1714 1717
1717 1718 1716
1707 1719 1706
1707 1720 1719
1721 1719 1720
1721 1722 1719
1721 1723 1722
1724 1725 1706
1726 1725 1724
1727 1706 1725
1726 1727 1725
1727 1708 1706
1708 1727 1726
1728 1729 1730
1729 1731 1730
1729 1732 1731
1733 1731 1732
1731 1733 1734
1735 1736 1737
1738 1736 1735
1738 1735 1739
1738 1739 1740
1738 1740 1741
1742 1743 1744
1745 1742 1744
1745 1746 1742
1747 1746 1745
1747 1748 1746
1749 1746 1748
1749 1750 1746
1751 1750 1749
1751 1749 1752
1752 1753 1751
1754 1753 1752
1754 1755 1753
1755 1754 1756
1755 1756 1757
1756 1758 1757
1756 1759 1758
1759 1760 1758
1761 1762 1763
1761 1763 1764
1765 1766 1767
1765 1767 1768
1769 1768 1767
1770 1771 1772
1770 1773 1771
1773 1774 1771
1773 1775 1774
1775 1776 1774
1777 1776 1775
1777 1775 1773
1777 1773 1778
1779 1778 1773
1770 1780 1773
1779 1773 1780
1781 1780 1770
1781 1770 1782
1779 1780 1783
1779 1783 1784
1785 1783 1780
1781 1782 1786
1782 1787 1786
1782 1788 1787
1787 1788 1789
1790 1785 1780
1781 1790 1780
1791 1785 1790
1785 1791 1792
1785 1792 1793
1792 1794 1793
1794 1795 1793
1794 1796 1795
1797 1790 1781
1797 1798 1790
1799 1797 1781
1799 1800 1797
1801 1799 1781
1801 1781 1802
1801 1802 1803
1801 1803 1804
1805 1804 1803
1806 1807 1808
1806 1809 1807
1810 1809 1806
1809 1811 1807
1810 1812 1809
1813 1811 1809
1813 1809 1812
1814 1815 1816
1814 1816 1817
1817 1816 1818
1817 1818 1819
1817 1819 1820
1821 1819 1818
1821 1820 1819
1821 1818 1822
1821 1823 1820
1823 1824 1820
1814 1817 1825
1817 1820 1825
1820 209 1825
209 1814 1825
1824 1826 1820
209 1820 1826
1826 211 209
211 1826 1827
1824 1827 1826
1824 1828 1827
1829 1814 209
1830 1814 1829
1830 1831 1814
1832 1814 1831
1832 1831 1833
1834 1835 1836
1834 1836 1837
1838 1837 1836
1838 1836 1839
1840 1841 1842
1840 1842 1843
1844 1845 1846
1844 1846 1847
1847 1846 1848
1847 1848 1849
1847 1850 1844
1851 1847 1849
1847 1851 1850
1851 1849 1852
1850 1851 1853
1853 1851 1852
1850 1853 1854
1853 1852 1855
1856 1855 1852
1857 1858 1859
1857 1859 1860
1859 1861 1860
1859 1862 1861
1863 1861 1862
1864 1861 1863
1864 1863 1865
1866 1864 1865
1866 1865 1867
1868 1869 1870
1868 1870 1871
1872 1873 1874
1872 1874 1875
1876 1877 1878
1877 1879 1878
1877 1880 1879
1879 1880 1881
1882 1883 1884
1882 1885 1883
1886 1883 1885
1887 1888 1889
1887 1890 1888
1891 1890 1887
1891 1887 1892
1893 1890 1891
1893 1894 1890
1893 1895 1894
1893 1896 1895
1897 1895 1896
1890 1898 1888
1888 1898 1899
1888 1899 1900
1899 1901 1900
1899 1902 1901
1901 1902 1903
1903 1902 1904
1903 1904 1905
1899 1898 1906
1907 1906 1898
1907 1898 1908
1907 1909 1906
1907 1908 1910
1911 1910 1908
1890 1912 1898
1912 1908 1898
1890 1913 1912
1890 1914 1913
1913 1914 1915
1913 1915 1916
1915 1917 1916
1912 1918 1908
1912 1919 1918
1908 1918 1920
1911 1908 1921
1908 1920 1921
1911 1921 1922
1921 1920 1922
1923 1924 1925
1923 1925 1926
1927 1923 1926
1926 1925 1928
1927 1926 1929
1930 1926 1928
1930 1929 1926
1931 1932 1933
1931 1934 1932
1931 1935 1934
1934 1936 1932
1934 1935 1937
1934 1938 1936
1934 1937 1938
1939 1936 1938
1939 1938 1937
1939 1940 1936
1939 1937 1941
1941 1937 1942
1942 1937 1943
1944 1945 1946
1944 1947 1945
1948 1945 1947
1948 1949 1945
1950 1951 1952
1950 1952 1953
1954 1955 1956
1954 1957 1955
1957 1958 1955
1957 1959 1958
1959 1957 1960
1960 1961 1959
1961 1962 1959
1962 1958 1959
1962 1963 1958
1962 1964 1963
1965 1958 1963
1962 1966 1964
1963 1967 1965
1964 1966 1968
1969 1968 1966
1970 1964 1968
1969 1971 1968
1972 1971 1969
1963 1964 1973
1964 1974 1973
1975 1974 1964
1975 1964 1976
1975 1976 1977
1963 1973 1978
1979 1963 1978
1979 1980 1963
1963 1980 1967
1981 1980 1979
1981 1967 1980
1982 1967 1981
1982 1981 1983
1984 1985 1986
1984 1987 1985
1987 1988 1985
1987 1989 1988
1987 1984 1990
1991 1989 1987
1987 1990 1991
1991 1992 1989
1990 1993 1991
1993 1992 1991
1990 1994 1993
1993 1995 1992
1996 1992 1995
1997 1998 1999
1997 1999 2000
2001 2000 1999
2001 2002 2000
2003 2004 2005
2006 2004 2003
2003 2007 2006
2008 2009 2010
2008 2010 2011
2012 2013 2014
2014 2013 2015
2014 2015 2016
2015 2017 2016
2018 2019 2020
2018 2021 2019
2022 2021 2018
2022 2018 2023
2024 2022 2023
2024 2023 2025
2026 2024 2025
2026 2025 2027
2027 2028 2026
2027 2029 2028
2029 2030 2028
2029 2031 2030
2032 2033 2034
2032 2035 2033
2033 2035 2036
2033 2036 2037
2038 2037 2036
2039 2038 2036
2039 2040 2038
2041 2040 2039
2041 2042 2040
2043 2044 2045
2043 2045 2046
2047 2048 2049
2047 2049 2050
2051 2052 2053
2053 2052 2054
2053 2054 2055
2054 2056 2055
2057 2058 2059
2058 2060 2059
2060 2061 2059
2061 2060 2062
2063 2064 2065
2066 2063 2065
2067 2063 2066
2066 2065 2068
2069 2067 2066
2070 2066 2068
2069 2066 2071
2070 2071 2066
2072 2073 2074
2073 2075 2074
2076 2077 2078
2079 2076 2078
2079 2078 2080
2081 2076 2079
2081 2079 2082
2083 2084 2085
2083 2086 2084
2087 2086 2083
2087 2083 2088
2088 2089 2087
2090 2091 2092
2090 2092 2093
2091 2094 2092
2092 2095 2093
2092 2094 2096
2092 2097 2095
2092 2096 2098
2092 2099 2097
2092 2098 2099
2100 2101 2102
2102 2101 2103
2100 2102 2104
2100 2104 2105
2104 2106 2105
2102 2103 2107
2108 2107 2103
2102 2109 2104
2104 2109 2106
2102 2107 2109
2108 2110 2107
2108 2111 2110
2110 2111 2112
2109 2107 2113
2106 2109 2113
2113 2107 2110
2110 2112 2114
2113 2110 2114
2115 2114 2112
2116 2114 2115
2113 2114 2116
2117 2116 2115
2106 2113 2118
2118 2113 2116
2117 2118 2116
2119 2106 2118
2117 2119 2118
2120 2121 2122
2123 2121 2120
2120 2122 2124
2122 2125 2124
2125 2126 2124
2126 2120 2124
2126 2127 2120
2120 2127 2128
2123 2120 2129
2129 2120 2128
2129 2128 2130
2131 2123 2129
2129 2130 2132
2131 2129 2132
2133 2132 2130
2131 2132 2134
2133 2134 2132
2131 2134 2135
2134 2133 2136
2134 2137 2135
2134 2136 2137
2138 2139 2140
2141 2139 2138
2140 2139 2142
2142 2139 2141
2143 2144 2145
2146 2144 2143
2145 2144 2147
2147 2144 2146
2148 2149 2150
2150 2151 2148
2150 2149 2152
2152 2151 2150
2153 2154 2155
2153 2155 2156
2155 2154 2157
2156 2155 2157
2158 2159 2160
2158 2160 2161
2160 2159 2162
2161 2160 2162
2163 2164 2165
2163 2165 2166
2165 2164 2167
2166 2165 2167
2168 2169 2170
2171 2169 2168
2170 2169 2172
2171 2172 2169
2170 2172 2173
2171 2174 2172
2172 2175 2173
2174 2176 2172
2176 2175 2172
2174 2177 2176
2178 2175 2176
2179 2176 2177
2178 2176 2179
2179 2177 2180
2181 2178 2179
2179 2180 2182
2181 2179 2183
2179 2182 2183
2183 2184 2181
2185 2183 2182
2185 2184 2183
